  -13.004156015135155        0.0000000000000000        0.0000000000000000     
  -19.799458940070391        9.8987346851306359        9.9007242549397549     
  -19.799458940070391        9.8987346851306359        9.9007242549397549     
  -19.799458940070391        9.8987346851306359        9.9007242549397549     
  -19.799458940070391        9.8987346851306359        9.9007242549397549     
  -19.915160206804789        9.9575801034023943        9.9575801034023943     
  -19.915160206804789        9.9575801034023943        9.9575801034023943     
  -19.915160206804789        9.9575801034023943        9.9575801034023943     
  -19.915160206804789        9.9575801034023943        9.9575801034023943     
  -19.915160206804789        9.9575801034023943        9.9575801034023943     
  -19.915160206804789        9.9575801034023943        9.9575801034023943     
  -19.915160206804789        9.9575801034023943        9.9575801034023943     
  -19.915160206804789        9.9575801034023943        9.9575801034023943     
  -19.985135749573189        9.9925678747865945        9.9925678747865945     
  -19.985135749573189        9.9925678747865945        9.9925678747865945     
  -19.985135749573189        9.9925678747865945        9.9925678747865945     
  -19.985135749573189        9.9925678747865945        9.9925678747865945     
  -19.985135749573189        9.9925678747865945        9.9925678747865945     
  -19.985135749573189        9.9925678747865945        9.9925678747865945     
  -19.985135749573189        9.9925678747865945        9.9925678747865945     
  -19.985135749573189        9.9925678747865945        9.9925678747865945     
  -19.985135749573189        9.9925678747865945        9.9925678747865945     
  -19.985135749573189        9.9925678747865945        9.9925678747865945     
  -19.985135749573189        9.9925678747865945        9.9925678747865945     
  -19.985135749573189        9.9925678747865945        9.9925678747865945     
  -19.985135749573189        9.9925678747865945        9.9925678747865945     
  -19.985135749573189        9.9925678747865945        9.9925678747865945     
  -19.985135749573189        9.9925678747865945        9.9925678747865945     
  -19.985135749573189        9.9925678747865945        9.9925678747865945     
  -19.985135749573189        9.9925678747865945        9.9925678747865945     
  -19.985135749573189        9.9925678747865945        9.9925678747865945     
  -19.985135749573189        9.9925678747865945        9.9925678747865945     
  -19.985135749573189        9.9925678747865945        9.9925678747865945     
  -19.985135749573189        9.9925678747865945        9.9925678747865945     
  -19.985135749573189        9.9925678747865945        9.9925678747865945     
  -19.985135749573189        9.9925678747865945        9.9925678747865945     
  -19.985135749573189        9.9925678747865945        9.9925678747865945     
  -19.986638521938250        9.9933192609691250        9.9933192609691250     
  -19.986638521938250        9.9933192609691250        9.9933192609691250     
  -19.986638521938250        9.9933192609691250        9.9933192609691250     
  -19.986638521938250        9.9933192609691250        9.9933192609691250     
  -19.986638521938250        9.9933192609691250        9.9933192609691250     
  -19.986638521938250        9.9933192609691250        9.9933192609691250     
  -19.986638521938250        9.9933192609691250        9.9933192609691250     
  -19.986638521938250        9.9933192609691250        9.9933192609691250     
  -19.986638521938250        9.9933192609691250        9.9933192609691250     
  -19.986638521938250        9.9933192609691250        9.9933192609691250     
  -19.986638521938250        9.9933192609691250        9.9933192609691250     
  -19.986638521938250        9.9933192609691250        9.9933192609691250     
  -19.986638521938250        9.9933192609691250        9.9933192609691250     
  -19.986638521938250        9.9933192609691250        9.9933192609691250     
  -19.986638521938250        9.9933192609691250        9.9933192609691250     
  -19.986638521938250        9.9933192609691250        9.9933192609691250     
  -19.986638521938250        9.9933192609691250        9.9933192609691250     
  -19.986638521938250        9.9933192609691250        9.9933192609691250     
  -19.986638521938250        9.9933192609691250        9.9933192609691250     
  -19.986638521938250        9.9933192609691250        9.9933192609691250     
  -19.986638521938250        9.9933192609691250        9.9933192609691250     
  -19.986638521938250        9.9933192609691250        9.9933192609691250     
  -19.986638521938250        9.9933192609691250        9.9933192609691250     
  -19.986638521938250        9.9933192609691250        9.9933192609691250     
  -19.986638521938250        9.9933192609691250        9.9933192609691250     
  -19.986638521938250        9.9933192609691250        9.9933192609691250     
  -19.986638521938250        9.9933192609691250        9.9933192609691250     
  -19.986638521938250        9.9933192609691250        9.9933192609691250     
  -19.986638521938250        9.9933192609691250        9.9933192609691250     
  -19.986638521938250        9.9933192609691250        9.9933192609691250     
  -19.986638521938250        9.9933192609691250        9.9933192609691250     
  -19.986638521938250        9.9933192609691250        9.9933192609691250     
  -19.986638521938250        9.9933192609691250        9.9933192609691250     
  -19.986638521938250        9.9933192609691250        9.9933192609691250     
  -19.986638521938250        9.9933192609691250        9.9933192609691250     
  -19.986638521938250        9.9933192609691250        9.9933192609691250     
  -19.986638521938250        9.9933192609691250        9.9933192609691250     
  -19.986638521938250        9.9933192609691250        9.9933192609691250     
  -19.986638521938250        9.9933192609691250        9.9933192609691250     
  -19.986638521938250        9.9933192609691250        9.9933192609691250     
  -19.986638521938250        9.9933192609691250        9.9933192609691250     
  -19.986638521938250        9.9933192609691250        9.9933192609691250     
  -19.986638521938250        9.9933192609691250        9.9933192609691250     
  -19.986638521938250        9.9933192609691250        9.9933192609691250     
  -19.986638521938250        9.9933192609691250        9.9933192609691250     
  -19.986638521938250        9.9933192609691250        9.9933192609691250     
  -19.986638521938250        9.9933192609691250        9.9933192609691250     
  -19.986638521938250        9.9933192609691250        9.9933192609691250     
  -19.986638521938250        9.9933192609691250        9.9933192609691250     
  -19.986638521938250        9.9933192609691250        9.9933192609691250     
  -19.986638521938250        9.9933192609691250        9.9933192609691250     
  -19.986638521938250        9.9933192609691250        9.9933192609691250     
  -19.986638521938250        9.9933192609691250        9.9933192609691250     
  -19.986638521938250        9.9933192609691250        9.9933192609691250     
  -19.986638521938250        9.9933192609691250        9.9933192609691250     
  -19.986638521938250        9.9933192609691250        9.9933192609691250     
  -19.986638521938250        9.9933192609691250        9.9933192609691250     
  -19.986638521938250        9.9933192609691250        9.9933192609691250     
  -19.986638521938250        9.9933192609691250        9.9933192609691250     
  -19.986638521938250        9.9933192609691250        9.9933192609691250     
  -19.986638521938250        9.9933192609691250        9.9933192609691250     
  -19.986638521938250        9.9933192609691250        9.9933192609691250     
  -19.986638521938250        9.9933192609691250        9.9933192609691250     
