  -10.427099776526214        0.0000000000000000        0.0000000000000000     
  -19.783801733659374        9.8919008668296868        9.8919008668296868     
  -19.939604602979827        9.9698023014899135        9.9698023014899135     
  -19.959307156022660        9.9796535780113302        9.9796535780113302     
  -19.959307156022660        9.9796535780113302        9.9796535780113302     
  -19.959307156022660        9.9796535780113302        9.9796535780113302     
  -19.959307156022660        9.9796535780113302        9.9796535780113302     
  -19.959307156022660        9.9796535780113302        9.9796535780113302     
  -19.959307156022660        9.9796535780113302        9.9796535780113302     
  -19.959307156022660        9.9796535780113302        9.9796535780113302     
