  -11.124596882185255        0.0000000000000000        0.0000000000000000     
  -18.161204904900654        9.0806024524503268        9.0806024524503268     
  -18.734380381142092        9.3671901905710460        9.3671901905710460     
  -18.734380381142092        9.3671901905710460        9.3671901905710460     
  -18.734380381142092        9.3671901905710460        9.3671901905710460     
  -19.071812688318420        9.5359063441592102        9.5359063441592102     
  -19.479730448997543        9.5836342220197395        9.8960962269778054     
  -19.479730448997543        9.5836342220197395        9.8960962269778054     
  -19.479730448997543        9.5836342220197395        9.8960962269778054     
  -19.479730448997543        9.5836342220197395        9.8960962269778054     
