  -11.370408840378680        0.0000000000000000        0.0000000000000000     
  -18.181238470725546        9.0906192353627731        9.0906192353627731     
  -18.181238470725546        9.0906192353627731        9.0906192353627731     
  -18.181238470725546        9.0906192353627731        9.0906192353627731     
  -19.269134856145918        9.6345674280729590        9.6345674280729590     
  -19.301790419358611        9.6311001966821230        9.6706902226764875     
  -19.824563400199430        9.9122817000997152        9.9122817000997152     
  -19.824563400199430        9.9122817000997152        9.9122817000997152     
  -19.824563400199430        9.9122817000997152        9.9122817000997152     
  -19.824563400199430        9.9122817000997152        9.9122817000997152     
